0
0
0
0
0
0
0
0
0
0
0
0
0
0
0
0
5.625
5.625
5.625
5.625
5.625
5.625
5.625
5.625
11.25
11.25
11.25
11.25
22.5
22.5
42.1875
67.5
67.5
78.75
78.75
78.75
78.75
78.75
61.875
59.0625
59.0625
47.8125
47.8125
0
8.4375
25.3125
33.75
19.6875
19.6875
22.5
5.625
5.625
8.4375
11.25
14.0625
14.0625
11.25
8.4375
5.625
5.625
19.6875
16.875
16.875
42.1875
39.375
22.5
25.3125
2.8125
5.625
11.25
16.875
16.875
22.5
16.875
11.25
5.625
5.625
28.125
28.125
45.0
39.375
50.625
19.6875
14.0625
8.4375
5.625
33.75
28.125
45.0
61.875
67.5
75.9375
81.5625
87.1875
28.125
16.875
5.625
59.0625
45.0
73.125
84.375
61.875
56.25
45.0
61.875
22.5
28.125
28.125
205.3125
199.6875
191.25
0
225.0
219.375
0
230.625
28.125
16.875
5.625
174.375
163.125
154.6875
135.0
123.75
345.9375
315.0
109.6875
281.25
95.625
261.5625
87.1875
241.875
75.9375
202.5
210.9375
225.0
64.6875
208.125
202.5
45.0
92.8125
106.875
123.75
135.0
146.25
163.125
174.375
56.25
42.1875
33.75
19.6875
14.0625
8.4375
0
2.8125
8.4375
11.25
19.6875
45.0
25.3125
14.0625
5.625
45.0
45.0
5.625
14.0625
25.3125
84.375
75.9375
64.6875
64.6875
75.9375
84.375
272.8125
281.25
286.875
292.5
292.5
286.875
278.4375
272.8125
0
303.75
303.75
303.75
303.75
303.75
123.75
123.75
123.75
123.75
123.75
213.75
202.5
191.25
185.625
182.8125
225.0
225.0
247.5
258.75
258.75
264.375
267.1875
303.75
303.75
303.75
315.0
326.25
326.25
337.5
343.125
348.75
354.375
16.875
16.875
8.4375
5.625
25.3125
25.3125
19.6875
45.0
33.75
45.0
33.75
2.8125
25.3125
28.125
2.8125
5.625
11.25
286.875
45.0
45.0
84.375
73.125
45.0
61.875
5.625
16.875
28.125
0
0
360.0
360.0
360.0
360.0
8.4375
8.4375
16.875
22.5
45.0
315.0
135.0
225.0
0
